scenario(10):

roadNet(1)
car0:(2.8873173811293644,3.9059093979735553)
car1:(2.660055114267158,3.8026257655800375)
car2:(2.3703043332358327,2.6490738841977874)
car3:(2.1206275205039526,2.9224148232632436)

car0.drive_with:
start(road:0,lane:2)
movement(pos:[14.876912660171481,17.09437867478417], vel:[67.05281282433417,91.55575967508231], time:[0,0])
movement(pos:[28.61437550521071,31.484706866991544], vel:[45.21657837775323,105.9799008121004], time:[10,10])

car1.drive_with:
start(road:0,lane:2)
movement(pos:[34.46855461380875,36.469798589492115], vel:[56.78761805906081,69.15393291406299], time:[0,0])
movement(pos:[33.49193440758414,35.968911084451655], vel:[69.02037036451027,76.96709456144367], time:[10,10])

car2.drive_with:
start(road:1,lane:0)
movement(pos:[31.53910221136314,33.975440382841875], vel:[106.98879714675827,107.38529742269297], time:[0,0])
movement(pos:[33.68669046021435,35.83240568408764], vel:[113.75716586953396,119.75656095931998], time:[10,10])

car3.drive_with:
start(road:1,lane:0)
movement(pos:[48.6670729299438,50.705116960525444], vel:[96.60237953915191,113.40903590877242], time:[0,0])
movement(pos:[33.55584281324177,35.58030348761834], vel:[66.44908815403221,100.18739554335178], time:[10,10])

end